1 1 59 70
1 2 81 58
1 3 60 43
1 4 49 29
1 5 20 20
1 6 54 19
1 7 23 60
1 8 39 70
1 9 95 77
1 10 99 86
1 11 75 75
1 1 63 85
1 2 100 92
1 3 73 40
1 4 74 62
1 5 60 60
1 6 53 23
1 7 56 78
1 8 67 85
1 9 94 81
1 10 98 98
1 11 89 89
1 1 75 75
1 2 83 75
1 3 40 24
1 4 52 42
1 5 40 40
1 6 35 18
1 7 38 54
1 8 36 50
1 9 78 64
1 10 85 80
1 11 86 86
1 1 85 95
1 2 90 90
1 3 75 40
1 4 80 80
1 5 55 60
1 6 75 40
1 7 35 70
1 8 30 85
1 9 100 75
1 10 100 85
1 11 80 80
1 1 69 69
1 2 80 70
1 3 38 17
1 4 45 45
1 5 27 27
1 6 36 12
1 7 23 68
1 8 46 74
1 9 91 76
1 10 93 77
1 11 63 69
1 1 75 88
1 2 81 81
1 3 60 41
1 4 69 44
1 5 52 52
1 6 45 19
1 7 41 82
1 8 39 66
1 9 97 80
1 10 91 79
1 11 89 89
1 1 47 73
1 2 72 72
1 3 53 3
1 4 48 27
1 5 14 14
1 6 35 5
1 7 5 30
1 8 8 50
1 9 73 49
1 10 72 49
1 11 81 81
2 1 80 90
2 2 88 88
2 3 65 45
2 4 80 70
2 5 35 55
2 6 60 30
2 7 50 75
2 8 37 78
2 9 97 85
2 10 95 95
2 11 85 80
2 1 75 87
2 2 85 85
2 3 61 51
2 4 77 69
2 5 46 61
2 6 59 32
2 7 49 81
2 8 49 71
2 9 92 71
2 10 85 85
2 11 91 80
2 1 65 65
2 2 86 86
2 3 45 33
2 4 50 38
2 5 35 58
2 6 72 38
2 7 27 77
2 8 55 70
2 9 91 74
2 10 82 88
2 11 81 81
2 1 89 89
2 2 87 87
2 3 84 66
2 4 78 63
2 5 48 68
2 6 47 19
2 7 70 94
2 8 63 81
2 9 93 81
2 10 83 83
2 11 97 78
2 1 36 68
2 2 68 52
2 3 30 5
2 4 52 29
2 5 28 28
2 6 49 8
2 7 33 59
2 8 20 50
2 9 73 53
2 10 77 61
2 11 85 85
2 1 75 78
2 2 82 78
2 3 46 27
2 4 41 41
2 5 36 41
2 6 43 24
2 7 35 56
2 8 38 57
2 9 77 64
2 10 81 81
2 11 92 82
1 1 64 76
1 2 98 89
1 3 68 50
1 4 56 53
1 5 56 46
1 6 68 36
1 7 47 81
1 8 45 76
1 9 93 83
1 10 95 88
1 11 90 90
2 1 71 77
2 2 80 80
2 3 80 60
2 4 74 67
2 5 47 40
2 6 65 31
2 7 47 76
2 8 61 90
2 9 86 70
2 10 96 96
2 11 90 90
3 1 89 89
3 2 90 85
3 3 87 87
3 4 65 65
3 5 71 71
3 6 57 57
3 7 52 49
3 8 50 50
3 9 54 46
3 10 88 88
3 11 91 91
3 1 85 85
3 2 95 95
3 3 95 90
3 4 85 95
3 5 80 80
3 6 60 55
3 7 70 50
3 8 55 55
3 9 66 66
3 10 85 80
3 11 90 90
3 1 67 78
3 2 92 92
3 3 92 87
3 4 73 73
3 5 86 79
3 6 79 65
3 7 58 37
3 8 50 50
3 9 46 46
3 10 84 76
3 11 67 67
3 1 86 86
3 2 80 80
3 3 95 81
3 4 68 81
3 5 70 80
3 6 31 48
3 7 39 54
3 8 79 66
3 9 45 61
3 10 90 90
3 11 87 87
3 1 52 64
3 2 71 58
3 3 61 61
3 4 52 68
3 5 65 65
3 6 50 50
3 7 35 35
3 8 9 28
3 9 51 22
3 10 62 62
3 11 72 72
3 1 87 95
3 2 96 87
3 3 98 88
3 4 82 97
3 5 78 78
3 6 74 83
3 7 70 51
3 8 84 75
3 9 94 73
3 10 91 91
3 11 97 97
3 1 88 88
3 2 90 90
3 3 88 88
3 4 75 75
3 5 90 85
3 6 60 55
3 7 40 50
3 8 50 40
3 9 65 68
3 10 87 77
3 11 70 70
2 1 84 95
2 2 100 95
2 3 70 50
2 4 64 59
2 5 59 59
2 6 66 42
2 7 42 70
2 8 36 66
2 9 100 76
2 10 96 85
2 11 84 84
3 1 83 80
3 2 97 92
3 3 90 87
3 4 70 81
3 5 82 75
3 6 60 60
3 7 72 54
3 8 65 60
3 9 65 65
3 10 99 94
3 11 95 95
