1 1 53 71
1 2 86 69
1 3 36 16
1 4 27 15
1 5 13 30
1 6 70 45
1 7 48 74
1 8 11 47
1 9 98 62
1 10 100 93
1 11 83 83
1 3 33 16
1 4 39 52
1 5 29 29
1 6 67 13
1 7 25 68
1 8 9 39
1 9 85 51
1 10 91 86
1 11 54 54
1 1 70 75
1 2 90 88
1 3 40 20
1 4 40 35
1 5 36 25
1 6 45 24
1 7 40 70
1 8 22 70
1 9 85 67
1 10 100 88
1 11 80 80
1 1 50 70
1 2 92 84
1 3 37 14
1 4 53 35
1 5 34 14
1 6 51 8
1 7 51 76
1 8 31 52
1 9 95 71
1 10 98 76
1 11 88 70
2 1 57 75
2 2 77 70
2 3 31 11
2 4 33 5
2 5 1 10
2 6 60 30
2 7 52 72
2 8 17 47
2 9 85 54
2 10 90 90
2 11 88 73
1 1 80 80
1 2 84 84
1 3 60 41
1 4 75 65
1 5 50 50
1 6 64 34
1 7 53 65
1 8 23 45
1 9 80 63
1 10 88 88
1 11 74 74
2 1 73 57
2 2 67 49
2 3 57 31
2 4 59 52
2 5 35 27
2 6 61 9
2 7 42 71
2 8 11 38
2 9 70 70
2 10 87 80
2 11 70 58
2 1 69 76
2 2 75 85
2 3 69 45
2 4 44 56
2 5 11 22
2 6 52 14
2 7 49 68
2 8 27 54
2 9 87 75
2 10 88 77
2 11 84 66
1 1 61 82
1 2 90 75
1 3 65 50
1 4 70 55
1 5 50 50
1 6 65 30
1 7 65 85
1 8 45 82
1 9 94 85
1 10 95 83
1 11 85 85
2 1 53 55
2 2 60 60
2 3 45 36
2 4 30 26
2 5 12 14
2 6 39 19
2 7 22 76
2 8 30 45
2 9 80 70
2 10 90 85
2 11 76 74
3 1 82 82
3 2 96 90
3 3 91 76
3 4 33 33
3 5 49 49
3 6 30 57
3 7 25 12
3 8 16 32
3 9 50 42
3 10 88 77
3 11 70 70
3 1 66 66
3 2 84 84
3 3 72 72
3 4 32 32
3 5 63 43
3 6 37 19
3 7 28 44
3 8 52 35
3 9 33 54
3 10 78 67
3 11 60 44
2 1 77 77
2 2 73 62
2 3 74 30
2 4 78 54
2 5 30 56
2 6 64 24
2 7 42 92
2 8 52 75
2 9 75 65
2 10 86 86
2 11 78 67
1 1 69 81
1 2 90 83
1 3 73 39
1 4 59 33
1 5 29 36
1 6 61 20
1 7 49 67
1 8 32 60
1 9 65 45
1 10 78 61
1 11 84 88
3 1 54 74
3 2 84 70
3 3 88 75
3 4 56 77
3 5 93 84
3 6 49 27
3 7 36 8
3 8 36 52
3 9 66 52
3 10 89 71
3 11 87 75
1 1 50 70
1 2 90 70
1 3 40 20
1 4 30 30
1 5 30 30
1 6 50 30
1 7 50 75
1 8 30 75
1 9 80 60
1 10 90 80
1 11 90 90
3 1 75 75
3 2 100 97
3 3 85 85
3 4 80 80
3 5 84 80
3 6 65 65
3 7 20 15
3 8 29 29
3 9 45 45
3 10 98 96
3 11 100 100
2 1 82 85
2 2 93 85
2 3 70 55
2 4 65 55
2 5 50 55
2 6 67 45
2 7 52 80
2 8 55 75
2 9 95 90
2 10 90 89
2 11 93 88
2 1 60 85
2 2 82 78
2 3 83 45
2 4 53 35
2 5 21 35
2 6 60 35
2 7 43 70
2 8 43 55
2 9 69 54
2 10 77 60
2 11 83 89
3 1 66 76
3 2 85 85
3 3 71 71
3 4 68 68
3 5 59 59
3 6 65 74
3 7 49 58
3 8 47 68
3 9 76 76
3 10 76 62
3 11 63 63
2 1 80 90
2 2 90 90
2 3 70 50
2 4 40 35
2 5 25 30
2 6 50 30
2 7 50 85
2 8 30 70
2 9 90 80
2 10 90 85
2 11 85 85
3 1 87 83
3 2 78 65
3 3 74 63
3 4 48 72
3 5 58 64
3 6 55 48
3 7 31 22
3 8 17 24
3 9 75 84
3 10 87 80
3 11 72 78
3 1 87 90
3 2 95 95
3 3 97 95
3 4 83 83
3 5 85 83
3 6 65 55
3 7 60 53
3 8 67 64
3 9 72 70
3 10 92 87
3 11 95 95
3 1 85 85
3 2 90 85
3 3 90 85
3 4 65 70
3 5 80 80
3 6 50 50
3 7 40 30
3 8 40 40
3 9 70 70
3 10 85 85
3 11 90 90
1 1 64 80
1 2 93 77
1 3 64 24
1 4 58 64
1 5 42 42
1 6 68 23
1 7 17 83
1 8 14 71
1 9 91 42
1 10 95 70
1 11 91 100
2 1 59 79
2 2 87 83
2 3 67 41
2 4 75 44
2 5 30 53
2 6 55 21
2 7 27 74
2 8 19 50
2 9 64 42
2 10 63 63
2 11 93 78
3 1 75 82
3 2 82 82
3 3 69 83
3 4 66 75
3 5 69 68
3 6 63 45
3 7 36 18
3 8 38 61
3 9 45 57
3 10 94 81
3 11 86 78
