1 1 75 91
1 2 91 85
1 3 54 34
1 4 57 34
1 5 47 51
1 6 74 36
1 7 39 77
1 8 25 60
1 9 74 52
1 10 92 86
1 11 73 69
1 1 55 75
1 2 84 68
1 3 52 27
1 4 38 26
1 5 24 35
1 6 46 23
1 7 58 73
1 8 56 78
1 9 87 65
1 10 89 89
1 11 69 78
1 1 60 82
1 2 96 88
1 3 59 35
1 4 65 55
1 5 60 35
1 6 40 15
1 7 40 80
1 8 50 77
1 9 70 100
1 10 95 80
1 11 80 80
1 1 34 54
1 2 35 62
1 3 23 9
1 4 38 27
1 5 10 15
1 6 17 4
1 7 10 38
1 8 25 48
1 9 71 47
1 10 92 77
1 11 72 72
1 1 36 75
1 2 80 77
1 3 66 30
1 4 30 30
1 5 43 36
1 6 65 14
1 7 28 64
1 8 29 60
1 9 67 40
1 10 85 48
1 11 86 86
1 1 58 78
1 2 85 80
1 3 83 40
1 4 65 50
1 5 60 50
1 6 64 38
1 7 58 77
1 8 55 77
1 9 90 69
1 10 99 87
1 11 99 91
2 1 75 85
2 2 78 72
2 3 49 23
2 4 58 35
2 5 32 56
2 6 64 29
2 7 51 70
2 8 30 55
2 9 81 62
2 10 92 90
2 11 73 66
2 1 67 77
2 2 73 70
2 3 72 46
2 4 71 49
2 5 49 27
2 6 65 38
2 7 52 74
2 8 45 75
2 9 74 54
2 10 88 88
2 11 70 63
1 1 59 80
1 2 86 60
1 3 62 47
1 4 55 57
1 5 55 60
1 6 65 41
1 7 55 70
1 8 50 82
1 9 86 60
1 10 91 80
1 11 70 70
2 1 70 80
2 2 95 85
2 3 75 50
2 4 76 51
2 5 37 63
2 6 60 45
2 7 50 75
2 8 55 81
2 9 84 76
2 10 90 87
2 11 92 80
2 1 45 59
2 2 68 68
2 3 71 31
2 4 37 22
2 5 27 41
2 6 40 27
2 7 45 40
2 8 23 44
2 9 49 66
2 10 61 61
2 11 80 80
2 1 47 47
2 2 69 69
2 3 68 36
2 4 48 48
2 5 14 30
2 6 29 2
2 7 20 40
2 8 37 64
2 9 70 51
2 10 89 78
2 11 100 75
2 1 75 80
2 2 95 85
2 3 76 55
2 4 67 62
2 5 55 50
2 6 64 39
2 7 40 82
2 8 25 75
2 9 70 31
2 10 90 75
2 11 100 85
3 1 80 80
3 2 91 91
3 3 81 77
3 4 70 78
3 5 73 72
3 6 65 41
3 7 59 37
3 8 47 49
3 9 65 73
3 10 91 70
3 11 84 86
1 1 52 82
1 2 87 67
1 3 51 19
1 4 47 29
1 5 31 53
1 6 61 16
1 7 19 74
1 8 24 71
1 9 83 42
1 10 83 66
1 11 77 75
3 1 64 68
3 2 88 82
3 3 65 71
3 4 41 55
3 5 67 60
3 6 59 45
3 7 58 34
3 8 36 51
3 9 47 52
3 10 95 87
3 11 92 89
3 1 88 92
3 2 90 80
3 3 95 85
3 4 68 70
3 5 80 73
3 6 68 62
3 7 68 53
3 8 70 82
3 9 73 77
3 10 90 85
3 11 86 86
3 1 60 75
3 2 58 58
3 3 51 63
3 4 57 64
3 5 64 30
3 6 65 24
3 7 48 26
3 8 23 33
3 9 74 64
3 10 75 64
3 11 65 65
2 1 69 80
2 2 60 67
2 3 62 35
2 4 49 38
2 5 29 45
2 6 50 19
2 7 38 75
2 8 38 74
2 9 84 58
2 10 78 73
2 11 71 71
3 1 80 80
3 2 72 69
3 3 85 95
3 4 77 58
3 5 95 65
3 6 50 40
3 7 42 25
3 8 52 60
3 9 46 60
3 10 100 85
3 11 80 66
3 1 66 89
3 2 83 75
3 3 92 83
3 4 76 66
3 5 72 72
3 6 54 34
3 7 19 19
3 8 16 24
3 9 66 66
3 10 86 83
3 11 74 89
2 1 60 77
2 2 74 53
2 3 71 26
2 4 50 60
2 5 27 45
2 6 48 12
2 7 33 66
2 8 27 60
2 9 76 51
2 10 81 57
2 11 60 47
3 1 69 69
3 2 78 94
3 3 87 61
3 4 67 70
3 5 74 66
3 6 70 50
3 7 57 32
3 8 40 52
3 9 64 64
3 10 92 60
3 11 69 69
3 1 60 56
3 2 79 54
3 3 74 56
3 4 48 72
3 5 74 51
3 6 47 32
3 7 49 30
3 8 53 50
3 9 71 74
3 10 88 70
3 11 86 79
